-43.333333333333336
66.66666666666667
82.77777777777779
1.6666666666666667
-52.77777777777778
-93.8888888888889
53.333333333333336
18.88888888888889
-69.44444444444444
-65.0
-61.111111111111114
73.33333333333334
-118.8888888888889
14.444444444444445
-116.11111111111111
-43.333333333333336
66.66666666666667
82.77777777777779
1.6666666666666667
-52.77777777777778
-93.8888888888889
53.333333333333336
18.88888888888889
-69.44444444444444
-65.0
-61.111111111111114
73.33333333333334
-118.8888888888889
14.444444444444445
-116.11111111111111
